0.000000 -nan
0.020000 inf
0.040000 inf
0.060000 inf
0.080000 inf
0.100000 inf
0.120000 inf
0.140000 inf
0.160000 inf
0.180000 inf
0.200000 inf
0.220000 inf
0.240000 inf
0.260000 -inf
0.280000 -inf
0.300000 -inf
0.320000 -inf
0.340000 -inf
0.360000 -inf
0.380000 -inf
0.400000 -inf
0.420000 -inf
0.440000 -inf
0.460000 -inf
0.480000 -inf
0.500000 inf
0.520000 inf
0.540000 inf
0.560000 inf
0.580000 inf
0.600000 inf
0.620000 inf
0.640000 inf
0.660000 inf
0.680000 inf
0.700000 inf
0.720000 inf
0.740000 inf
0.760000 -inf
0.780000 -inf
0.800000 -inf
0.820000 -inf
0.840000 -inf
0.860000 -inf
0.880000 -inf
0.900000 -inf
0.920000 -inf
0.940000 -inf
0.960000 -inf
0.980000 -inf
1.000000 -inf
1.020000 inf
1.040000 inf
1.060000 inf
1.080000 inf
1.100000 inf
1.120000 inf
1.140000 inf
1.159999 inf
1.179999 inf
1.199999 inf
1.219999 inf
1.239999 inf
1.259999 -inf
1.279999 -inf
1.299999 -inf
1.319999 -inf
1.339999 -inf
1.359999 -inf
1.379999 -inf
1.399999 -inf
1.419999 -inf
1.439999 -inf
1.459999 -inf
1.479999 -inf
1.499999 -inf
1.519999 inf
1.539999 inf
1.559999 inf
1.579999 inf
1.599999 inf
1.619999 inf
1.639999 inf
1.659999 inf
1.679999 inf
1.699999 inf
1.719999 inf
1.739999 inf
1.759999 -inf
1.779999 -inf
1.799999 -inf
1.819999 -inf
1.839999 -inf
1.859999 -inf
1.879999 -inf
1.899999 -inf
1.919999 -inf
1.939999 -inf
1.959999 -inf
1.979999 -inf
1.999999 -inf
